17900 1230147257434602
11536 792772562061330
18006 1237427500876247
18040 1239761576460723
17994 1236586480402810
23895 1642102731512911
13844 951380388809182
17964 1234506826449684
18535 1273743313011261
4409 303002940346364
17972 1235090200920268
17998 1236829810196642
17694 1215973685399431
17962 1234386354176283
5280 362902110340546
16110 1107084762026959
8277 568846088274591
23895 1642090664501220
20668 1420346808993117
2568 176533236941562
0 35358245513
22574 1551286935355589
11213 770555710603399
7013 481977625085792
23895 1642063824233952
22944 1576761400624753
18006 1237416194277812
21512 1478324577567234
21512 1478352371843307
19450 1336661474607158
18011 1237721246007492
21742 1494138780061592
23895 1642111134344791
5309 364874805217304
17973 1235146946052487
3131 215225314575741
18170 1248688456860196
1326 91139150447275
17973 1235111767638197
18027 1238849418232367
17935 1232484768022855
5280 362905673860552
0 68330128954
1125 77318244402140
23895 1642097526114079
19267 1324079361884683
2568 176509839082435
17962 1234381652885783
7725 530922058092817
6724 462121678602859
20227 1390022441436211
11536 792792340629316
17899 1230078151754237
6728 462388623573708
3707 254778775766484
17950 1233549217366256
14378 988052662977052
18179 1249281358758253
2777 190850614168623
2757 189488498804947
17918 1231381302608439
17949 1233511162052726
23327 1603035117258507
21512 1478360864719172
17972 1235037981573322
23895 1642107460336970
21689 1490500011690435
18009 1237632317784576
17961 1234290187306044
17973 1235158971449622
23895 1642111434501826
11907 818299385217710
17917 1231292481077528
821 56443538703650
23895 1642081149855155
23895 1642069638580452
18535 1273778226987298
17914 1231092513374718
2029 139433096119116
18006 1237395905511941
17947 1233348112285856
2029 139479165567714
6200 426075514013233
15802 1085943371923815
21999 1511806356948733
5365 368748212847091
2029 139477947712179
2029 139496235336623
17694 1215971734530223
18006 1237431612736147
7214 495789742425823
23895 1642056988696174
23895 1642067259099084
15279 1050012018147703
17951 1233629379231907
18028 1238942597317027
19993 1373973124155241
1428 98185268953811
18179 1249318796722631
23895 1642082328447900
810 55728980755574
14537 999042521172330
6420 441242092571114
15819 1087102342596134
0 19266404582
18017 1238186940236119
16508 1134478304086226
23895 1642107759762414
18006 1237431584227911
21512 1478314819780810
21364 1468126490461286
6728 462409567699678
18004 1237269351760175
6804 467618707211136
17951 1233643476091288
23895 1642120489929627
23895 1642059668405556
2029 139474493768324
6579 452136204312291
16618 1142010597933518
18179 1249291891442099
17994 1236595779371344
17913 1231037022470886
15615 1073109793440759
17955 1233923836674224
7586 521321786245721
18003 1237212452356332
18044 1240020881441555
22836 1569333303182072
16433 1129295089631963
23895 1642115097173211
11536 792759017473626
17966 1234658162049655
23895 1642119303011398
17945 1233203743162825
17917 1231315364872636
15956 1096492180636202
17972 1235076488102235
23220 1595705443879979
22254 1529302505949887
17962 1234356053672249
20669 1420364634785013
23895 1642118936999844
18004 1237287551041713
18006 1237431233085943
17972 1235094321168606
13431 922977963475137
17694 1215988376736217
15279 1050017627963767
17918 1231362766864864
5773 396731895713180
1310 90072028086693
18016 1238118276792434
18028 1238940257288739
8775 603078006081361
16868 1159220642251273
10506 722027838112420
17972 1235095066312908
23895 1642063869259056
23895 1642107700256542
18015 1237983967641927
17913 1231033729221059
821 56452827710797
5272 362315768402458
17962 1234355684049112
3916 269153654735446
3222 221440637078800
22445 1542442338812248
17921 1231581813080351
814 55998372840715
11536 792776882521848
5280 362903802414631
18075 1242116446225591
17965 1234604418663051
17694 1215953244852642
16792 1153940858211945
16551 1137378243511521
23895 1642080118119603
17941 1232926509564569
17962 1234348900876656
14312 983564508988770
17995 1236673798209840
17993 1236534358966432
17970 1234944884736943
21512 1478349854343605
2065 141909958328698
17938 1232746289758496
3914 269036044812666
17970 1234949802296127
3805 261535692623884
18006 1237416469725841
17947 1233364130005176
17917 1231276661932494
18028 1238935378395781
22447 1542552060428467
9747 669814880600298
20257 1392118071886612
17251 1185545181727203
11376 781794660260327
17903 1230332680602005
9986 686299118698816
17973 1235128491311295
17942 1232974388527452
17958 1234122924818533
18693 1284616505590573
1789 122975072813572
5280 362906344359314
11536 792813116065409
0 63145182042
22237 1528122778125157
18023 1238547560006409
11966 822361717932540
18006 1237426132222615
20163 1385607647986576
5287 363338631546102
6728 462369255522954
1379 94814907400380
23895 1642087434685347
23895 1642080930250036
23895 1642114111244190
5280 362881936393696
17994 1236539369783512
17947 1233323316150580
23895 1642068655343919
17904 1230416533193239
7223 496372782596832
17972 1235054706229556
16831 1156631059368564
14004 962394791545519
16442 1129900612846422
14491 995853648790076
16433 1129330804589176
3805 261531988333686
1428 98169139364518
18951 1302368249971984
4939 339472400779877
17961 1234337208861074
3805 261481292763777
17925 1231851034706245
14235 978227879019676
23895 1642078707066372
23895 1642055009573767
17966 1234618408960626
23895 1642067785161675
17694 1215977918238777
22223 1527171465085331
14184 974785351778536
23895 1642095099781949
17972 1235091903938925
15319 1052781369362287
18011 1237726945804594
11906 818223546107520
22278 1530977260274481
22223 1527174220808543
5280 362889539356114
23895 1642117000267865
3912 268837743821162
5566 382512359017874
17941 1232964656956208
17912 1230959488402064
20497 1408607928517275
16316 1121232516350609
17972 1235090902810975
17694 1215960802988328
23895 1642118740903863
8422 578794291200363
14048 965423743832215
18042 1239897868075362
22873 1571884928336475
17956 1233948903407874
22221 1527062730770315
16885 1160389510169703
3859 265199143551865
23895 1642102201190586
23895 1642117185407900
17920 1231490331247042
2677 184013052969986
4525 310963413254693
17941 1232928315933661
17942 1233016198529402
13844 951383304047221
17934 1232476686909819
17953 1233788947071381
22245 1528716875138095
23259 1598401129877239
18014 1237979972239838
17973 1235109800771915
3078 211586447835884
18693 1284617276162902
212 14580044137907
9037 621056885443156
16862 1158762504913613
21591 1483773607545886
2906 199715958882656
1932 132833288782971
17953 1233787915075813
13607 935126937961153
17936 1232572654485660
17947 1233316249010450
21183 1455752538489072
18457 1268410226966628
8421 578699418730891
18042 1239904432095620
1161 79851552180254
1882 129383246792543
17994 1236542323622028
21039 1445808851588065
17902 1230283664589040
864 59383930489492
17917 1231311812166235
10030 689284587782939
23895 1642111214421786
18013 1237845395046487
17962 1234391041442202
17958 1234089533178121
810 55727227733140
1899 130561565197361
17899 1230022788710892
18535 1273765837538421
13567 932363220549842
23895 1642075969686409
23895 1642120230734755
18004 1237226594238678
23895 1642108865677966
8677 596323954266858
17917 1231312112058702
13463 925218025375585
23895 1642079785327568
17903 1230348677284397
18504 1271622203150917
2568 176500163871683
18022 1238496986006025
3952 271630755367574
6728 462398703600155
821 56477800531223
5287 363324124562537
22264 1530039044146447
3922 269584339108169
17962 1234367833637237
18006 1237363242041768
2563 176166604312441
0 33648083300
17914 1231087107441107
8422 578808374296787
11536 792790832907536
18011 1237766088491179
7291 501101848363165
19993 1373911800219549
1789 123007837078091
20578 1414135594091189
16900 1161423971680924
21512 1478301427827162
17908 1230691136045354
21541 1480300047108033
208 14336743244735
23895 1642112407571144
23895 1642119283293512
23895 1642070322907218
17965 1234614112617049
17994 1236555094032547
6414 440826508608530
22636 1555590983190415
17915 1231109446107611
17965 1234606676246971
18179 1249307993571725
11876 816115121260147
23167 1592060818162860
17993 1236476485304611
23895 1642062641765634
5280 362895819801950
18024 1238622345429645
17973 1235156018856327
18024 1238650885046814
17918 1231384289214886
16831 1156672140216782
11536 792772132734783
17993 1236527384690809
8275 568655749186092
6728 462346153165375
21111 1450740590969519
11907 818293488814498
13584 933499571667414
17941 1232964008936471
9747 669854653677760
18017 1238186413130316
5280 362889041479016
17936 1232608651313524
22216 1526719246830865
18018 1238204174434625
5280 362877401302452
18017 1238129521394079
18238 1253331759335654
6428 441736292991219
17965 1234612384235933
23895 1642088861277136
17970 1234916886315839
1729 118883318432502
13861 952543817302574
18011 1237772693995850
19264 1323878517051311
2952 202867958939941
17694 1215977081605844
8051 553324349629908
6728 462357040923255
0 50816942632
17914 1231104597033494
17914 1231065549177486
23895 1642068794156538
6724 462126356562422
19446 1336371215599962
17947 1233327944302884
17972 1235086770569326
3100 213051213807892
21183 1455693259407750
13620 936014821852624
22915 1574761715140586
23895 1642087812181651
5956 409329053009895
19267 1324030762353408
14058 966063916188530
13732 943709327131355
8344 573433202745288
18004 1237257029353782
6352 436571483341210
7714 530168600201763
23895 1642062690264440
810 55715257255110
23895 1642097834985365
5280 362892521768402
5280 362901392066109
17972 1235089294426273
17694 1215988109873686
209 14405016749473
17989 1236201869017419
6728 462413299647234
9640 662519654973998
17953 1233734195609884
18017 1238166970433922
14377 988036490068933
8473 582297950356128
16891 1160789976155237
14377 988046365754439
23895 1642103435566170
14154 972713248752017
17926 1231933223338044
18837 1294482534043886
18107 1244322949367406
18457 1268421939101912
1428 98199172809625
17942 1233010753470680
18004 1237285167235213
15664 1076456950530785
13704 941784193370089
21660 1488472164204955
18028 1238888261026309
6724 462083221291771
7716 530245030642869
18015 1237982648402254
17994 1236587285774632
17995 1236674683732283
18028 1238941516103966
17945 1233226296132131
23895 1642056141118683
18042 1239890506285555
13599 934533458035011
17949 1233500722167980
11974 822898649399641
0 62678303606
18011 1237741508100265
17902 1230274038792298
14418 990814565499293
814 55975950288067
17962 1234360916246661
21622 1485877898773036
1250 85915224966046
8277 568858528186989
11536 792750257080049
17907 1230615765385662
17952 1233697263649227
18019 1238321866735647
23895 1642064758777446
6728 462398757208664
11257 773638220354440
13866 952917463531998
3912 268838549061760
17903 1230352507470023
10710 736049360604773
3907 268552223064822
23002 1580696865474194
3854 264848693264559
17962 1234403030335746
17694 1215933648998934
18030 1239079178474843
23388 1607278779041833
18430 1266511666545781
23895 1642107669448647
670 46082726494939
17961 1234274385200156
15837 1088374579529341
18042 1239866430063148
17961 1234325620786142
6728 462395153253136
17920 1231513336349112
15788 1085011532121706
8106 557082063341261
6728 462411910283905
17972 1235090705285270
17914 1231054161969681
15357 1055341924977134
20990 1442489881985263
17240 1184784841901483
14127 970867566903799
6728 462366063919433
17993 1236524205342863
5280 362854134842708
7566 519983972352739
17899 1230060372558340
17972 1235054775566624
23895 1642080886720579
18011 1237719999185314
1428 98139599733482
18831 1294124983911214
23895 1642066650206124
5309 364889524144205
7173 492993357024010
5280 362869481407970
17994 1236590069154208
3054 209922208695516
17972 1235094276669676
5660 388966202149697
13840 951097951584517
17998 1236834600091786
5280 362905475155373
21113 1450942530588021
18090 1243181385908761
9747 669811875905876
11536 792816510502467
17972 1235063460397494
17968 1234768156754342
17950 1233534369267950
7110 488619070331345
15502 1065351513506851
15350 1054848119802108
14552 1000051722879532
11536 792816031041970
18150 1247279053669688
18024 1238613901836825
2978 204694062891628
17945 1233210168705083
18169 1248629198619394
16800 1154504259995110
17939 1232802931933827
17995 1236609062797844
16858 1158531081765657
13866 952887625646708
17934 1232416804569367
17920 1231468166512927
0 22454731667
0 28901966679
2704 185847342826067
3805 261488589542410
11536 792777604269921
17993 1236527867166966
17923 1231714863743114
23895 1642099928153380
2029 139460587553341
13463 925219304441593
5091 349865739617398
1320 90730021716837
17993 1236496403791993
1052 72327561220688
17954 1233844541260009
8107 557136665511862
17995 1236668996976960
11536 792795850933928
17952 1233678809366757
8634 593353057371543
19866 1365233263776080
21186 1455951018396008
1095 75280873883402
2956 203161442652661
17954 1233798828392756
21512 1478330205209110
18010 1237668505190676
15350 1054895453963952
19187 1318588111852833
14124 970619530248594
1333 91671767810493
17941 1232935992623641
17949 1233475035136100
18022 1238505221652943
17947 1233308566159545
0 14205780208
17972 1235060195983473
23895 1642114686196933
5309 364877324421258
11536 792788989249153
23895 1642074478681305
20256 1392003380217918
8274 568626963153317
23895 1642114920358562
226 15597269945595
8068 554477983892344
16974 1166456233329681
17921 1231583798362363
16782 1153256471594076
17066 1172822417475054
17916 1231231674417891
16433 1129287606796902
1749 120258950988743
13462 925170054399470
6226 427850867679728
17998 1236830041014384
0 68624974345
2957 203265234961366
23895 1642112226704649
17694 1215967203110168
18028 1238932871119438
5280 362904056104509
17921 1231590340428013
17913 1231031312253377
3805 261538183517365
13744 944531688525836
7577 520718578877177
17916 1231244635734697
17993 1236473794134325
11966 822359014638188
17905 1230488533205514
2575 176982357246842
21509 1478152296988718
17899 1230024512307710
18599 1278142483862377
17900 1230110898061735
8925 613328291305607
19993 1373970971625201
5421 372530810388554
3804 261472990990615
20729 1424542791762503
17972 1235063178658012
6901 474287779939400
18016 1238079540232336
18013 1237879345774722
17954 1233791681167824
23895 1642096389654428
21512 1478361241354645
4941 339572716407030
6728 462411629265556
22440 1542083758915850
19993 1373937281992522
5280 362899606537652
17903 1230345255649617
17921 1231590265586101
6741 463250694407629
16863 1158833129783973
17956 1233986880602294
18019 1238301239673050
17964 1234541255525111
17923 1231726524171878
11536 792804433331973
216 14912125667133
0 13048873100
8646 594155374773326
5834 400943582610259
17945 1233207765434489
18004 1237291990319355
23895 1642115314359248
18028 1238905239831204
6570 451525821859337
23895 1642091015838819
18003 1237163544543298
14406 989986505556324
11536 792799367137179
23895 1642060972820504
20225 1389872300492818
11997 824490205642959
17122 1176670694015695
17972 1235086105837772
17973 1235116293619903
11970 822596612456995
23895 1642080522668091
15977 1097991930318949
3707 254747308722087
16433 1129331694502318
17995 1236612553703519
17694 1215991099494341
17905 1230490122781326
3804 261475385022015
3917 269231963570821
231 15914862184767
17902 1230234590249437
17900 1230127301067031
17137 1177696604063167
21512 1478326552625589
18012 1237789775430006
13866 952885379859121
17947 1233371115684217
17942 1232984954241234
5280 362843093141002
14774 1015326721312510
17965 1234610335253124
20685 1421522385963653
17994 1236606868259140
2407 165429153039397
18011 1237775203565867
17694 1215934773334550
17953 1233755398668453
17965 1234582577742284
17970 1234942659003406
2568 176504309809959
4339 298232871456374
11907 818297074549228
18043 1239943482245728
23895 1642114132745168
17694 1215973209018786
8352 573973557875606
21697 1491006972166478
209 14422334441082
17937 1232666984514109
21111 1450790849151519
13588 933773545570769
5400 371151397520531
17951 1233640621539412
17694 1215970952548746
10387 713818925306556
17994 1236596716929054
21434 1473001106965630
18042 1239882688037128
19871 1365588545046712
21702 1491418734985810
1385 95202767995304
16863 1158868231324269
23895 1642097468509014
1496 102834052072341
17993 1236533142814823
3912 268846316716172
5280 362899774309842
18004 1237230136984023
19993 1373942371387365
1096 75321516033959
5075 348801362038733
8445 580396748507018
21509 1478101320663308
11536 792751020181319
18024 1238659171353229
17937 1232687328330308
17998 1236816819191911
18013 1237911055761715
8275 568708388815503
11994 824237678267258
16615 1141817252643486
3805 261543015355366
23831 1637663337152801
6579 452171303820756
18028 1238878659609257
23895 1642097978317670
17969 1234861075530100
22438 1541930192208138
17913 1231039642731424
8634 593331725206899
6724 462132822606595
6728 462409013592630
20668 1420313405817873
2567 176469456781557
17972 1235090125488364
9079 623941385979394
17972 1235051538284852
23895 1642093017828240
18831 1294102109750783
11536 792799870715771
18004 1237236040728783
14140 971733057601829
11536 792816017999467
3825 262905872913784
18013 1237852231368885
933 64144277772259
17972 1235091579273438
17962 1234399226560630
21512 1478353174855940
18028 1238891590779284
17962 1234353388322859
17694 1215985839575168
23895 1642073533646639
14469 994370679275942
17989 1236263356006760
14765 1014691148399649
23895 1642104386894957
21754 1494977228046809
1356 93206196652350
11968 822498782217098
4589 315398125128251
17972 1235078508970206
23895 1642114131173364
17914 1231088047882977
5422 372612016571219
19993 1373941493663598
212 14630588646983
23777 1633946794075365
21186 1455946946513690
18019 1238270431789355
16872 1159502844068357
17972 1235093947613420
5365 368692849934875
6724 462084020634242
10293 707354353139858
14184 974755543318765
11968 822494910808604
17902 1230276770660523
21512 1478308562665773
17943 1233062292095161
6728 462410831430177
15622 1073550902560722
22671 1557968035121599
22237 1528180486374134
2568 176527430648733
814 55996269397180
2439 167645699572133
17694 1215987907895258
21509 1478100990755118
17219 1183345747955030
22180 1524246057320869
17921 1231537948000481
5280 362854951945513
18010 1237671719534805
23895 1642108046810052
23895 1642093900729032
22210 1526317986742506
8296 570142135353906
20967 1440902460277194
18179 1249272208490784
17943 1233100676399291
23895 1642107189659590
8488 583303448429246
5393 370661175853985
18621 1279640608965152
17962 1234405317869801
0 54201942124
5075 348803607038195
4199 288621771753619
3310 227512729010973
3907 268551481328770
19993 1373963900684197
17918 1231372288197082
19993 1373970870438036
